-0.0164293572306633	-0.00401238305494189	0.145955696702003
-0.0164296608418226	-0.00392245547845960	0.145961090922356
-0.0169361606240273	-0.00368755869567394	0.145981431007385
-0.0175572391599417	-0.00345176155678928	0.146020948886871
-0.0181538928300142	-0.00324883754365146	0.146061822772026
-0.0183895248919725	-0.00321651226840913	0.146075144410133
-0.0185870472341776	-0.00320406770333648	0.146077752113342
-0.0187837835401297	-0.00318257464095950	0.146096780896187
-0.0190911311656237	-0.00314230727963150	0.146123349666595
-0.0193056426942348	-0.00314203789457679	0.146097555756569
-0.0198888126760721	-0.00303939846344292	0.146303743124008
-0.0205693691968918	-0.00288289622403681	0.146590381860733
-0.0211097858846188	-0.00277269049547613	0.146795421838760
-0.0211858041584492	-0.00280118850059807	0.146754145622253
-0.0213401354849339	-0.00280891545116901	0.146762624382973
-0.0215672813355923	-0.00278178602457047	0.146768033504486
-0.0218186955899000	-0.00274303765036166	0.146772325038910
-0.0220458377152681	-0.00271590729244053	0.146777465939522
-0.0222001709043980	-0.00272363098338246	0.146785467863083
-0.0222895033657551	-0.00273793982341886	0.146745175123215
-0.0227766148746014	-0.00268446234986186	0.146942958235741
-0.0233965460211039	-0.00260838726535440	0.147219881415367
-0.0238841604441404	-0.00255490420386195	0.147417113184929
-0.0239596012979746	-0.00257656956091523	0.147373646497726
-0.0241873264312744	-0.00254785059951246	0.147389397025108
-0.0244393143802881	-0.00250685331411660	0.147408872842789
-0.0246670562773943	-0.00247812829911709	0.147424355149269
-0.0248220302164555	-0.00248622754588723	0.147428080439568
-0.0249109510332346	-0.00249357311986387	0.147385388612747
-0.0254028476774693	-0.00246785581111908	0.147585973143578
-0.0260292924940586	-0.00243111466988921	0.147867426276207
-0.0265216808766127	-0.00240539037622511	0.148067474365234
-0.0266112424433231	-0.00241272570565343	0.148023918271065
-0.0267813522368670	-0.00241344794631004	0.148028969764709
-0.0269514583051205	-0.00241416925564408	0.148033931851387
-0.0271215569227934	-0.00241488940082490	0.148038819432259
-0.0272916518151760	-0.00241560884751380	0.148043602705002
-0.0274617392569780	-0.00241632689721882	0.148048281669617
-0.0275502055883408	-0.00241622305475175	0.148006245493889
-0.0280466917902231	-0.00242022401653230	0.148197323083878
-0.0286793876439333	-0.00242559146136045	0.148465856909752
-0.0291763208806515	-0.00242958823218942	0.148656368255615
-0.0292508248239756	-0.00242192624136806	0.148614943027496
-0.0294795632362366	-0.00245283939875662	0.148612678050995
-0.0297325048595667	-0.00249633681960404	0.148607805371284
-0.0299611967056990	-0.00252724881283939	0.148605272173882
-0.0301171895116568	-0.00252040498889983	0.148610070347786
-0.0302877090871334	-0.00252111093141139	0.148613274097443
-0.0303463414311409	-0.00251333042979240	0.148571506142616
-0.0309643018990755	-0.00254797539673746	0.148754179477692
-0.0317688733339310	-0.00259675970301032	0.149011388421059
-0.0323725305497646	-0.00262422743253410	0.149191811680794
-0.0324903205037117	-0.00264512374997139	0.149155065417290
-0.0327443853020668	-0.00268645421601832	0.149165689945221
-0.0328904502093792	-0.00270025082863867	0.149128004908562
-0.0333660244941711	-0.00274887937121093	0.149309307336807
-0.0340547636151314	-0.00285900291055441	0.149576902389526
-0.0347017757594585	-0.00299313059076667	0.149761959910393
-0.0349309481680393	-0.00305003952234983	0.149713262915611
-0.0351456776261330	-0.00307389628142118	0.149705693125725
-0.0353023968636990	-0.00306695792824030	0.149708002805710
-0.0353893339633942	-0.00304433191195130	0.149664908647537
-0.0358388237655163	-0.00313075119629502	0.149838551878929
-0.0367234870791435	-0.00329283159226179	0.150090798735619
-0.0375366918742657	-0.00341355917043984	0.150272503495216
-0.0379475206136704	-0.00346485758200288	0.150231584906578
-0.0382288023829460	-0.00355538423173130	0.150183305144310
-0.0391268096864224	-0.00387547537684441	0.150341719388962
-0.0400928147137165	-0.00420429697260261	0.150559946894646
-0.0407759249210358	-0.00443824147805572	0.150717854499817
-0.0408908091485500	-0.00448709912598133	0.150666475296021
-0.0409762784838676	-0.00454176357015967	0.150624573230743
-0.0414034835994244	-0.00473075406625867	0.150794565677643
-0.0420530587434769	-0.00506004504859448	0.151039376854897
-0.0428521409630775	-0.00548704061657190	0.151195511221886
-0.0433180071413517	-0.00575900822877884	0.151127278804779
-0.0435635782778263	-0.00586647260934114	0.151072070002556
-0.0439646691083908	-0.00610899319872260	0.151241779327393
-0.0444146506488323	-0.00631913356482983	0.151402458548546
-0.0456864088773727	-0.00727680698037148	0.151843354105949
-0.0469313561916351	-0.00832008942961693	0.152293622493744
-0.0483069345355034	-0.00950107723474503	0.153177723288536
-0.0494350790977478	-0.0108697786927223	0.154935657978058
-0.0509236790239811	-0.0131739536300302	0.157122910022736
-0.0520000569522381	-0.0159617383033037	0.158927649259567
-0.0524489060044289	-0.0178295392543077	0.159653186798096
-0.0525625459849834	-0.0185541827231646	0.159904807806015
-0.0525162443518639	-0.0191083084791899	0.159957110881805
-0.0525718368589878	-0.0205759033560753	0.160401985049248
-0.0524134002625942	-0.0228300597518682	0.161116883158684
-0.0521065443754196	-0.0246174838393927	0.161571711301804
-0.0517833381891251	-0.0258411616086960	0.161736965179443
-0.0516444779932499	-0.0262677166610956	0.161686882376671
-0.0514122955501080	-0.0268131662160158	0.161690413951874
-0.0510737374424934	-0.0274045020341873	0.161688551306725
-0.0507511347532272	-0.0279772225767374	0.161687642335892
-0.0505503490567207	-0.0283504873514175	0.161739349365234
-0.0499096848070622	-0.0291865598410368	0.161528304219246
-0.0492314733564854	-0.0300115346908569	0.161282911896706
-0.0482716970145702	-0.0309589412063360	0.160862982273102
-0.0474319942295551	-0.0316243581473827	0.160617470741272
-0.0466598942875862	-0.0322547852993012	0.160406142473221
-0.0463658943772316	-0.0324576571583748	0.160456016659737
-0.0460020489990711	-0.0327588878571987	0.160505324602127
-0.0451558008790016	-0.0331805199384689	0.160288333892822
-0.0443014092743397	-0.0335309952497482	0.159982904791832
-0.0436240248382092	-0.0337908789515495	0.159764766693115
-0.0433828495442867	-0.0339302383363247	0.159818902611732
-0.0432760417461395	-0.0340097919106483	0.159870401024818
-0.0426451079547405	-0.0342304110527039	0.159654214978218
-0.0416512414813042	-0.0345581620931625	0.159343823790550
-0.0407802723348141	-0.0348307825624943	0.159121423959732
-0.0403333753347397	-0.0349490158259869	0.159156456589699
-0.0398056581616402	-0.0350769162178040	0.159146517515183
-0.0392989441752434	-0.0352072268724442	0.159137904644012
-0.0391644872725010	-0.0352474562823772	0.159185275435448
-0.0384102612733841	-0.0353456661105156	0.159004256129265
-0.0370163246989250	-0.0354649871587753	0.158477947115898
-0.0357131697237492	-0.0355657897889614	0.157955631613731
-0.0353263169527054	-0.0355615019798279	0.157798141241074
-0.0352342911064625	-0.0355570502579212	0.157844662666321
-0.0350683294236660	-0.0355488285422325	0.157840818166733
-0.0348237231373787	-0.0355791710317135	0.157828420400620
-0.0345528945326805	-0.0356223471462727	0.157813072204590
-0.0343082658946514	-0.0356526188552380	0.157800376415253
-0.0342306606471539	-0.0356636717915535	0.157848626375198
-0.0336953289806843	-0.0355854220688343	0.157631948590279
-0.0330129005014896	-0.0354747772216797	0.157327279448509
-0.0325245261192322	-0.0354043543338776	0.157110691070557
-0.0322616472840309	-0.0353988483548164	0.157154902815819
-0.0317550860345364	-0.0353216975927353	0.157138377428055
-0.0313153676688671	-0.0352526009082794	0.157119929790497
-0.0311439409852028	-0.0352318212389946	0.157163903117180
-0.0306041520088911	-0.0350791104137898	0.156944319605827
-0.0296364501118660	-0.0347641631960869	0.156624734401703
-0.0287270732223988	-0.0344756133854389	0.156392157077789
-0.0282386224716902	-0.0343472398817539	0.156436860561371
-0.0279866158962250	-0.0342787168920040	0.156430408358574
-0.0277993083000183	-0.0341906286776066	0.156469538807869
-0.0271432045847178	-0.0339177735149860	0.156246453523636
-0.0264448765665293	-0.0336500108242035	0.155991271138191
-0.0254607219249010	-0.0332543142139912	0.155551820993423
-0.0245598312467337	-0.0328318141400814	0.155275240540504
-0.0236132945865393	-0.0323799252510071	0.155036658048630
-0.0232336726039648	-0.0322087928652763	0.155064016580582
-0.0229068249464035	-0.0320861823856831	0.155041635036469
-0.0226173978298903	-0.0319761596620083	0.155070096254349
-0.0220803469419479	-0.0316700041294098	0.154857054352760
-0.0210252180695534	-0.0311033278703690	0.154586300253868
-0.0197037234902382	-0.0303799360990524	0.154130399227142
-0.0186372827738524	-0.0298072211444378	0.153837725520134
-0.0179961696267128	-0.0294550471007824	0.153602570295334
-0.0175576768815517	-0.0292374528944492	0.153627142310143
-0.0173605810850859	-0.0291581079363823	0.153658911585808
-0.0168154239654541	-0.0287943314760923	0.153428703546524
-0.0161964464932680	-0.0283573195338249	0.153122246265411
-0.0156972799450159	-0.0280169751495123	0.152902796864510
-0.0156170092523098	-0.0280047561973333	0.152948111295700
-0.0153959663584828	-0.0278614927083254	0.152931734919548
-0.0151840830221772	-0.0277164708822966	0.152967035770416
-0.0144687900319695	-0.0273032616823912	0.152725443243980
-0.0134915029630065	-0.0267606526613235	0.152385845780373
-0.0124732581898570	-0.0261117387562990	0.152122721076012
-0.0119586149230599	-0.0257535725831985	0.152133300900459
-0.0114769497886300	-0.0254222042858601	0.152152657508850
-0.0106919258832932	-0.0248355884104967	0.151903852820396
-0.00979590322822332	-0.0241786222904921	0.151511847972870
-0.00879372376948595	-0.0234919227659702	0.151372417807579
-0.00806508772075176	-0.0229196250438690	0.151772379875183
-0.00740255741402507	-0.0222791433334351	0.152363389730454
-0.00725114252418280	-0.0220982823520899	0.152878835797310
-0.00725114252418280	-0.0220982823520899	0.152878835797310