   -0.0283    0.0093    0.1402
   -0.0340    0.0030    0.1463
   -0.0391   -0.0050    0.1519
   -0.0424   -0.0177    0.1592
   -0.0421   -0.0218    0.1597
   -0.0397   -0.0287    0.1590
   -0.0323   -0.0355    0.1549
   -0.0272   -0.0370    0.1541
   -0.0243   -0.0370    0.1533
   -0.0210   -0.0368    0.1530
   -0.0162   -0.0356    0.1521
   -0.0130   -0.0343    0.1515
   -0.0097   -0.0326    0.1506
   -0.0059   -0.0304    0.1498
   -0.0037   -0.0291    0.1496
   -0.0003   -0.0271    0.1487
    0.0023   -0.0254    0.1478
    0.0051   -0.0239    0.1476
    0.0086   -0.0216    0.1466
    0.0118   -0.0182    0.1473